0 -2.65089e-05 5.36692e-06 3.15635e-05
0 -5.28776e-06 2.65308e-05 5.57547e-05
0 -2.41459e-05 -1.85365e-05 0.000120006
0 -1.55264e-05 6.26423e-06 0.000258657
0 -2.9703e-05 -6.05258e-06 0.000387941
0 -4.30465e-05 -1.7147e-05 0.000452037
0 -8.97413e-05 -4.12924e-05 0.000503849
0 -0.000200544 3.37047e-05 0.000696813
0 -0.000136219 0.000113869 0.000740722
0 -6.40251e-05 0.000136676 0.000358541
0 -8.82221e-05 8.38335e-05 0.000248509
0 -7.06037e-05 4.03444e-05 0.000156885
0 -6.53706e-05 0.000144363 0.0002834
0 -0.0001323 0.000115602 0.000680877
0 0.000204461 0.000253083 0.000692932
0 0.000197973 0.000339802 0.00090221
0 0.000486703 0.00023171 0.000859519
0 0.000674543 0.000579106 0.000805806
0 0.000750001 0.000434038 0.000790205
0 0.000634458 6.38152e-05 0.000606604
0 -0.000539433 -0.000270298 0.000481771
0 -0.00192354 -0.000580379 0.000194581
0 -0.00300073 -0.000893601 -3.47485e-05
0 -0.00265048 -0.00123487 0.000229486
0 -0.00211196 -0.00154386 2.49553e-05
0 -0.00182241 -0.00182158 0.000501374
0 -0.00156467 -0.00217501 0.00021354
0 -0.00120476 -0.0025398 0.000828613
0 -0.000452282 -0.00272364 0.00111106
0 0.00011752 -0.00232106 0.00191068
0 0.000556289 -0.00222739 0.00261834
0 0.000660898 -0.00248906 0.00491079
0 0.00272068 -0.00244785 0.00781787
0 0.00989543 -0.000847663 0.0131294
0 0.0222973 0.00259275 0.0264922
0 0.0385494 0.00774642 0.0509405
0 0.0579081 0.0138187 0.0888794
0 0.0744997 0.0180886 0.127186
0 0.0887323 0.0205258 0.155671
0 0.100503 0.0215226 0.159851
0 0.110148 0.0219569 0.150881
0 0.118351 0.0215623 0.142979
0 0.125482 0.0225004 0.137677
0 0.131734 0.0227917 0.137629
0 0.13646 0.0229065 0.140774
0 0.14049 0.0227479 0.147358
0 0.141909 0.0203499 0.157845
0 0.142766 0.0194898 0.169341
0 0.143193 0.0183592 0.180129
0 0.146316 0.0179155 0.190621
0 0.153123 0.0178075 0.204063
0 0.164697 0.0155218 0.221042
0 0.179077 0.0181456 0.236801
0 0.194619 0.0145471 0.251057
2 0.211034 0.0184776 0.263834
0 0.228397 0.0209185 0.274289
0 0.245379 0.0216614 0.282078
0 0.261592 0.021702 0.289016
0 0.278779 0.0287207 0.295823
0 0.297816 0.035076 0.302351
0 0.318767 0.0405416 0.308531
0 0.338279 0.0442786 0.31246
0 0.357488 0.0469829 0.314105
0 0.37611 0.0482049 0.314344
0 0.393673 0.0473656 0.311833
0 0.426366 0.0575557 0.309062
0 0.4559 0.0684827 0.305128
1 0.483072 0.0753412 0.300678
0 0.511595 0.0803298 0.290488
0 0.542881 0.0834307 0.277461
2 0.576693 0.0859367 0.263312
0 0.609155 0.0864637 0.248948
0 0.632653 0.0829414 0.235655
0 0.649564 0.0755158 0.223537
0 0.674847 0.0696079 0.21204
0 0.706422 0.0657243 0.198861
0 0.734962 0.0613175 0.185174
0 0.764256 0.0571592 0.17214
0 0.803976 0.0562911 0.158506
0 0.841952 0.0557746 0.145365
1 0.877433 0.0572095 0.133985
0 0.905443 0.0593965 0.118435
0 0.930557 0.0632701 0.102835
0 0.953693 0.0678321 0.0887801
0 0.977592 0.0721011 0.0766649
0 1.00343 0.0740168 0.0659804
0 1.03055 0.0736312 0.0571809
0 1.05781 0.0714203 0.0493351
0 1.08522 0.0681131 0.0404344
0 1.1114 0.0637665 0.0327193
0 1.13498 0.0579466 0.0257175
0 1.15483 0.0491067 0.0204929
0 1.16948 0.0372129 0.0168166
0 1.18217 0.0220722 0.014152
0 1.19328 0.00535824 0.0113743
0 1.20346 -0.0118764 0.00843969
0 1.21342 -0.0285044 0.00582605
0 1.22335 -0.0441881 0.0042868
0 1.23239 -0.0579486 0.00423101
0 1.23948 -0.0682306 0.00544998
0 1.24551 -0.0736648 0.00823177
0 1.25108 -0.0755566 0.0189386
0 1.25503 -0.0771883 0.0449737
0 1.25557 -0.0794939 0.0838775
0 1.25226 -0.0840156 0.125968
0 1.24378 -0.091205 0.16631
0 1.23005 -0.100476 0.204037
1 1.21245 -0.11196 0.239355
0 1.19488 -0.125296 0.26993
0 1.17729 -0.141057 0.296643
0 1.15955 -0.159352 0.320506
0 1.14092 -0.180534 0.343153
0 1.12216 -0.204159 0.362959
0 1.10335 -0.229917 0.381196
0 1.08469 -0.256933 0.398667
0 1.06588 -0.284121 0.414611
0 1.04834 -0.30926 0.426466
0 1.03215 -0.334346 0.437259
0 1.01776 -0.360825 0.449349
0 1.00544 -0.389345 0.462673
1 0.994064 -0.418832 0.474807
0 0.986834 -0.449644 0.487223
0 0.983129 -0.47931 0.498994
0 0.980302 -0.506896 0.511258
0 0.975664 -0.531774 0.524378
0 0.966938 -0.555085 0.539378
0 0.953459 -0.577186 0.556199
0 0.935549 -0.598618 0.57403
0 0.916587 -0.61823 0.591759
0 0.899111 -0.636728 0.607197
0 0.881639 -0.65284 0.612528
1 0.864077 -0.666582 0.606065
0 0.846744 -0.671596 0.583496
0 0.831164 -0.673784 0.56882
0 0.815288 -0.674673 0.567933
0 0.798597 -0.675436 0.577766
0 0.781735 -0.675644 0.584531
0 0.764741 -0.675623 0.580028
0 0.748676 -0.674802 0.563538
0 0.734089 -0.674192 0.537905
0 0.721478 -0.675107 0.51211
0 0.710569 -0.676181 0.487803
0 0.700934 -0.678475 0.462256
0 0.692119 -0.682502 0.435208
0 0.684041 -0.689176 0.407717
0 0.676736 -0.699454 0.381969
0 0.669975 -0.713428 0.366289
0 0.663014 -0.731179 0.362553
0 0.655652 -0.752429 0.370618
0 0.647557 -0.776238 0.390911
0 0.637899 -0.803237 0.42153
0 0.626466 -0.83414 0.453237
0 0.613831 -0.868693 0.480778
0 0.598899 -0.906607 0.506342
0 0.581607 -0.947246 0.529305
0 0.562085 -0.988977 0.549336
1 0.542138 -1.03166 0.567588
0 0.524355 -1.08096 0.563365
0 0.506975 -1.12712 0.558231
0 0.487841 -1.17058 0.551916
0 0.466349 -1.20857 0.544454
0 0.441904 -1.23946 0.533371
0 0.41484 -1.26395 0.519606
0 0.385466 -1.28192 0.504193
0 0.352905 -1.29476 0.489207
0 0.315693 -1.30424 0.475679
0 0.274274 -1.31129 0.46412
0 0.228957 -1.31774 0.452071
1 0.182105 -1.32561 0.440696
0 0.138719 -1.34078 0.416935
0 0.0961361 -1.35899 0.393328
0 0.0525026 -1.3807 0.370569
0 0.00756598 -1.40607 0.349466
0 -0.0393294 -1.43448 0.331498
1 -0.0876393 -1.46601 0.318105
0 -0.125962 -1.50038 0.303184
0 -0.158094 -1.53617 0.295226
0 -0.1862 -1.57115 0.297892
1 -0.214183 -1.60376 0.313531
0 -0.229118 -1.63733 0.333227
0 -0.245307 -1.67033 0.354
0 -0.268831 -1.70045 0.375353
1 -0.295496 -1.72732 0.397118
0 -0.307058 -1.75079 0.416567
0 -0.323434 -1.77186 0.436822
0 -0.349183 -1.78968 0.458479
0 -0.385539 -1.8055 0.480409
0 -0.429282 -1.82083 0.502356
0 -0.474642 -1.83628 0.518073
1 -0.51804 -1.85069 0.523849
0 -0.533928 -1.86421 0.510079
0 -0.5531 -1.87675 0.483259
0 -0.577813 -1.88751 0.448165
0 -0.60948 -1.89498 0.412636
0 -0.644341 -1.89889 0.378803
0 -0.679833 -1.90171 0.347808
1 -0.713592 -1.90515 0.319726
0 -0.730949 -1.90861 0.285984
0 -0.746087 -1.91244 0.254439
0 -0.761272 -1.91549 0.226077
0 -0.778799 -1.91615 0.204702
0 -0.799945 -1.91458 0.197502
1 -0.822746 -1.91171 0.203973
0 -0.836627 -1.90578 0.206099
0 -0.851936 -1.89975 0.195522
0 -0.868175 -1.8934 0.173951
0 -0.884582 -1.88573 0.148863
0 -0.902379 -1.87742 0.123576
0 -0.923222 -1.86902 0.0960829
1 -0.946932 -1.86088 0.0669378
0 -0.972812 -1.84579 0.0304978
0 -1.0005 -1.83501 -0.00259253
0 -1.02762 -1.83123 -0.0238758
0 -1.05383 -1.83674 -0.0345958
0 -1.07928 -1.85192 -0.034298
0 -1.10264 -1.87405 -0.031311
0 -1.12419 -1.90009 -0.0271008
0 -1.14373 -1.92598 -0.0218305
0 -1.16203 -1.94881 -0.017985
0 -1.17873 -1.96987 -0.0156425
1 -1.19143 -1.99255 -0.0147425
0 -1.1986 -2.01683 -0.0271487
0 -1.20121 -2.04795 -0.0392839
0 -1.19842 -2.08549 -0.0492672
0 -1.19102 -2.12744 -0.0601012
0 -1.17839 -2.17378 -0.0695524
1 -1.15941 -2.22518 -0.0741748
0 -1.13454 -2.28012 -0.0756058
0 -1.11087 -2.33856 -0.0763707
1 -1.09282 -2.39911 -0.0791057
0 -1.08018 -2.45949 -0.0818981
0 -1.07368 -2.51529 -0.0841851
0 -1.07234 -2.56334 -0.0837382
0 -1.07285 -2.60268 -0.0808076
0 -1.07449 -2.63046 -0.0756212
0 -1.07903 -2.6449 -0.0680924
0 -1.08698 -2.64532 -0.0600498
0 -1.0962 -2.63347 -0.0532312
0 -1.10314 -2.61401 -0.0463641
0 -1.1049 -2.5906 -0.03828
0 -1.10077 -2.56478 -0.0305082
0 -1.09116 -2.53888 -0.0216924
0 -1.07486 -2.51337 -0.0105929
0 -1.05163 -2.48714 -0.00013087
1 -1.02255 -2.4602 0.0059847
0 -0.989101 -2.43344 0.0130743
0 -0.952634 -2.40811 0.0174061
0 -0.913638 -2.38429 0.0205668
1 -0.87221 -2.36213 0.0238189
0 -0.786331 -2.32381 0.0273981
0 -0.746995 -2.30745 0.0288273
0 -0.711741 -2.29392 0.0308775
1 -0.681428 -2.28533 0.0329939
0 -0.654285 -2.27938 0.0330582
0 -0.630638 -2.27845 0.0336135
0 -0.610523 -2.28355 0.0341841
0 -0.59467 -2.2943 0.0338726
0 -0.583926 -2.30878 0.0328785
0 -0.578774 -2.32608 0.032284
0 -0.580916 -2.34489 0.0317577
0 -0.591867 -2.36405 0.0305616
0 -0.612026 -2.38332 0.0278405
0 -0.639644 -2.4033 0.022369
0 -0.671512 -2.42393 0.0162543
0 -0.704483 -2.44589 0.0101145
0 -0.737699 -2.46833 0.00546952
0 -0.772417 -2.48931 0.00259923
0 -0.809389 -2.50925 0.00333399
0 -0.849223 -2.52743 0.00577013
0 -0.891865 -2.54246 0.0103279
0 -0.93565 -2.55198 0.0176966
0 -0.980819 -2.55564 0.0269327
0 -1.02745 -2.55404 0.0376228
0 -1.07413 -2.55044 0.0469012
1 -1.11928 -2.54389 0.0641749
0 -1.19659 -2.52361 0.0485919
0 -1.22684 -2.50867 0.0402642
0 -1.25076 -2.48987 0.0317616
0 -1.26898 -2.46663 0.0260127
0 -1.28317 -2.44012 0.0232593
1 -1.29566 -2.41217 0.0215161
0 -1.32361 -2.34806 0.0174844
1 -1.34021 -2.31477 0.0160137
0 -1.35803 -2.28245 0.0147812
0 -1.37607 -2.2527 0.0133165
0 -1.39324 -2.22654 0.010432
0 -1.40923 -2.20495 0.00654567
0 -1.42427 -2.18869 0.000793087
0 -1.43826 -2.17666 -0.00661627
0 -1.45098 -2.1689 -0.0159131
0 -1.46175 -2.16457 -0.0300898
0 -1.4719 -2.16251 -0.0542879
0 -1.48253 -2.16232 -0.0816144
0 -1.49393 -2.16382 -0.103156
0 -1.50582 -2.1651 -0.111684
0 -1.51876 -2.16765 -0.108991
0 -1.53275 -2.16999 -0.098976
0 -1.54685 -2.17196 -0.0903009
0 -1.56015 -2.17399 -0.0833648
0 -1.57323 -2.17546 -0.0751573
0 -1.59673 -2.17706 -0.0275741
1 -1.60819 -2.17901 0.0142181
0 -1.61582 -2.17931 0.0514216
0 -1.62139 -2.17959 0.0855207
0 -1.62515 -2.17918 0.115741
0 -1.62747 -2.1786 0.141946
0 -1.627 -2.17749 0.166855
0 -1.62191 -2.17835 0.190548
0 -1.61032 -2.18308 0.215442
0 -1.59158 -2.19464 0.240203
1 -1.56656 -2.21384 0.26691
0 -1.53773 -2.24056 0.28655
0 -1.50885 -2.27711 0.306305
0 -1.48298 -2.3223 0.323316
0 -1.46386 -2.37433 0.334946
0 -1.45443 -2.43147 0.331794
1 -1.45561 -2.48871 0.316376
0 -1.46479 -2.54064 0.288837
0 -1.48196 -2.58608 0.257629
0 -1.50362 -2.62684 0.22744
0 -1.52566 -2.66311 0.198708
0 -1.54636 -2.69871 0.169635
0 -1.56466 -2.73369 0.1403
1 -1.57545 -2.73699 0.107988
0 -1.5851 -2.75933 0.0760116
0 -1.5923 -2.77866 0.0454768
0 -1.59737 -2.79387 0.0160614
0 -1.60182 -2.80516 -0.0126552
0 -1.60489 -2.8122 -0.040415
0 -1.60621 -2.81512 -0.0637643
0 -1.60392 -2.81603 -0.076034
0 -1.58298 -2.81391 -0.0724123
0 -1.56713 -2.81616 -0.0588084
0 -1.54569 -2.81873 -0.0434391
0 -1.52096 -2.82311 -0.027349
0 -1.49368 -2.83005 -0.00901235
0 -1.46677 -2.84167 0.00996771
0 -1.44131 -2.85819 0.0281497
0 -1.41825 -2.87855 0.0477902
0 -1.39656 -2.89993 0.0693542
0 -1.3784 -2.92176 0.0902645
0 -1.36219 -2.94329 0.1116
0 -1.34653 -2.96567 0.130945
0 -1.33024 -2.99184 0.147709
0 -1.3138 -3.02357 0.163808
1 -1.30155 -3.06029 0.183501
0 -1.29378 -3.14802 0.185893
0 -1.30857 -3.23319 0.189374
0 -1.31932 -3.27175 0.192279
0 -1.32932 -3.30756 0.196003
0 -1.33736 -3.34072 0.200787
0 -1.34427 -3.37246 0.204705
0 -1.34812 -3.4038 0.207939
0 -1.34821 -3.43587 0.210621
0 -1.34461 -3.47007 0.213982
0 -1.3361 -3.50739 0.220313
1 -1.32426 -3.54695 0.227712
0 -1.3108 -3.58568 0.23606
0 -1.29429 -3.62382 0.243867
0 -1.27403 -3.66244 0.25141
0 -1.25025 -3.70136 0.259353
0 -1.22236 -3.7413 0.266349
0 -1.19147 -3.78152 0.272825
0 -1.15846 -3.82053 0.278789
1 -1.13018 -3.8536 0.282329
0 -1.09664 -3.88731 0.288652
0 -1.06167 -3.92133 0.29283
0 -1.02611 -3.95688 0.294258
0 -0.990845 -3.99106 0.292059
0 -0.956955 -4.02083 0.288196
1 -0.926021 -4.04546 0.289938
0 -0.903603 -4.0684 0.302905
0 -0.889463 -4.08839 0.324465
0 -0.879132 -4.09974 0.348142
0 -0.875152 -4.1088 0.368032
0 -0.873781 -4.11538 0.386013
0 -0.874342 -4.12012 0.403524
0 -0.876788 -4.12688 0.421539
0 -0.88248 -4.13758 0.440686
0 -0.889429 -4.1449 0.459856
0 -0.89501 -4.14401 0.478888
0 -0.900426 -4.13775 0.492481
0 -0.907173 -4.13227 0.501997
0 -0.91466 -4.12673 0.507755
0 -0.921258 -4.11722 0.510737
0 -0.926664 -4.10436 0.510176
0 -0.929019 -4.08766 0.506509
0 -0.93018 -4.07059 0.502873
0 -0.928761 -4.04848 0.493934
0 -0.926425 -4.02669 0.490831
0 -0.920319 -3.99815 0.481838
0 -0.911161 -3.96452 0.472315
0 -0.903568 -3.93461 0.45516
0 -0.896641 -3.90533 0.449192
0 -0.888674 -3.87395 0.437761
0 -0.880513 -3.84228 0.43029
0 -0.874904 -3.81441 0.432969
0 -0.871428 -3.78735 0.437272
0 -0.869025 -3.762 0.444889
2 -0.86615 -3.73689 0.455798
0 -0.865745 -3.71603 0.466323
0 -0.868755 -3.69847 0.473657
0 -0.873708 -3.68454 0.476727
0 -0.88005 -3.67354 0.475565
0 -0.885526 -3.66422 0.472144
0 -0.885116 -3.65335 0.466732
0 -0.85621 -3.62998 0.455857
0 -0.833019 -3.61795 0.447999
0 -0.779646 -3.5985 0.428994
0 -0.752639 -3.58853 0.419606
2 -0.72372 -3.5765 0.410546
0 -0.66639 -3.54856 0.397125
0 -0.637636 -3.52998 0.392069
0 -0.609792 -3.50943 0.387684
0 -0.581393 -3.48555 0.382897
1 -0.525093 -3.44724 0.377971
0 -0.502729 -3.43394 0.377982
0 -0.476282 -3.40957 0.377221
0 -0.476712 -3.39765 0.375257
0 -0.48598 -3.38506 0.37136
0 -0.504801 -3.37388 0.365992
0 -0.527096 -3.36317 0.358129
0 -0.548486 -3.35664 0.349564
0 -0.56894 -3.35408 0.336462
0 -0.587098 -3.35638 0.331726
2 -0.602112 -3.3732 0.331205
2 -0.617369 -3.39841 0.331804
0 -0.659439 -3.50789 0.341791
2 -0.66531 -3.55228 0.34607
0 -0.666893 -3.64708 0.356891
0 -0.662549 -3.69884 0.373596
0 -0.655025 -3.75496 0.401473
0 -0.64468 -3.81504 0.437143
0 -0.631496 -3.87779 0.470891
0 -0.616292 -3.94189 0.499784
0 -0.599375 -4.00569 0.524732
0 -0.579217 -4.06814 0.544923
1 -0.556557 -4.12642 0.560041
0 -0.50648 -4.22858 0.62441
0 -0.479603 -4.27087 0.652775
0 -0.452707 -4.30596 0.676502
0 -0.42838 -4.33118 0.695371
0 -0.408631 -4.34657 0.710568
0 -0.39379 -4.35436 0.721628
0 -0.383465 -4.3555 0.727066
0 -0.377549 -4.35068 0.727978
0 -0.376658 -4.33963 0.725293
0 -0.38119 -4.32263 0.718908
0 -0.391294 -4.29946 0.710076
0 -0.406587 -4.27139 0.700086
0 -0.424881 -4.237 0.689578
0 -0.445606 -4.19384 0.676714
0 -0.467686 -4.13924 0.661139
0 -0.492395 -4.07547 0.651733
1 -0.519269 -4.00598 0.633895
0 -0.621615 -3.80163 0.645624
0 -0.658137 -3.74024 0.62886
1 -0.699351 -3.68546 0.610141
0 -0.746135 -3.63539 0.59752
0 -0.796125 -3.59094 0.595754
0 -0.8482 -3.55311 0.604524
0 -0.903362 -3.52202 0.617082
0 -0.960061 -3.49735 0.619424
0 -1.0178 -3.47912 0.610224
0 -1.14062 -3.46593 0.611942
1 -1.20196 -3.47094 0.626971
0 -1.32306 -3.49077 0.681181
0 -1.37 -3.50487 0.706595
0 -1.40288 -3.51832 0.731561
2 -1.42019 -3.53072 0.753904
0 -1.42487 -3.54236 0.774973
0 -1.4075 -3.55824 0.81458
0 -1.39614 -3.5614 0.831553
0 -1.38933 -3.56186 0.849241
0 -1.38608 -3.55893 0.86513
0 -1.38555 -3.55351 0.876954
0 -1.3867 -3.5477 0.884187
0 -1.38523 -3.54329 0.887244
0 -1.37825 -3.53906 0.886083
0 -1.36645 -3.53326 0.880739
0 -1.34987 -3.52667 0.871901
0 -1.33028 -3.51832 0.860063
0 -1.31047 -3.50925 0.845298
0 -1.29239 -3.49943 0.831389
0 -1.27731 -3.48567 0.816457
0 -1.25742 -3.43855 0.801172
0 -1.25515 -3.40854 0.779722
0 -1.25658 -3.37542 0.755254
0 -1.26037 -3.34233 0.728509
0 -1.26431 -3.30929 0.70085
0 -1.2675 -3.2797 0.675114
0 -1.26709 -3.25117 0.649427
0 -1.25979 -3.22275 0.62348
0 -1.24695 -3.19392 0.597724
1 -1.23048 -3.16508 0.56778
0 -1.20572 -3.13611 0.559233
0 -1.1797 -3.10616 0.552258
0 -1.15508 -3.07328 0.54572
0 -1.13326 -3.03684 0.538818
0 -1.11591 -2.9959 0.533897
0 -1.10479 -2.95122 0.528215
0 -1.09971 -2.90173 0.522655
0 -1.10141 -2.84837 0.516587
0 -1.10779 -2.79341 0.50981
1 -1.12726 -2.6868 0.493523
0 -1.1528 -2.58886 0.480479
0 -1.16567 -2.54151 0.47734
0 -1.17591 -2.49531 0.474906
0 -1.1814 -2.45035 0.472883
0 -1.1751 -2.3684 0.465901
0 -1.16746 -2.33354 0.461855
0 -1.14227 -2.28304 0.453716
0 -1.12877 -2.26184 0.448763
1 -1.11324 -2.24335 0.442624
0 -1.06532 -2.20983 0.412458
0 -1.0523 -2.19871 0.396857
0 -1.04208 -2.18833 0.382619
0 -1.02533 -2.17296 0.347893
0 -1.02205 -2.16826 0.327702
0 -1.01414 -2.16179 0.277265
0 -1.01603 -2.159 0.254813
0 -1.01871 -2.15762 0.235687
1 -1.02092 -2.15784 0.222129
0 -1.01531 -2.16676 0.216221
0 -1.01346 -2.1674 0.227152
0 -1.01559 -2.16194 0.245494
0 -1.02525 -2.15433 0.262926
0 -1.04145 -2.14413 0.288161
0 -1.08376 -2.11738 0.351004
0 -1.11059 -2.10562 0.396545
1 -1.16303 -2.08067 0.470146
2 -1.21537 -2.05712 0.506219
0 -1.29018 -2.03131 0.498222
0 -1.31291 -2.0261 0.49426
0 -1.33831 -2.02159 0.492116
0 -1.41102 -2.02266 0.491887
0 -1.44711 -2.02688 0.498766
0 -1.54339 -2.0477 0.511183
0 -1.64712 -2.06706 0.529552
0 -1.69343 -2.06768 0.542534
0 -1.78629 -2.05036 0.543569
0 -1.82622 -2.03512 0.557793
1 -1.8661 -2.01633 0.572074
0 -2.027 -1.92089 0.516056
0 -2.06934 -1.90345 0.512207
0 -2.15925 -1.8748 0.508619
0 -2.20786 -1.86584 0.511463
0 -2.30775 -1.85292 0.513977
0 -2.35962 -1.85009 0.520924
1 -2.46003 -1.84881 0.525232
0 -2.55424 -1.85322 0.511506
0 -2.64117 -1.8669 0.497513
0 -2.68199 -1.87813 0.491616
0 -2.76066 -1.90601 0.479289
0 -2.79979 -1.92405 0.476933
0 -2.87571 -1.96376 0.466857
0 -2.95282 -2.00691 0.462931
0 -2.99162 -2.02744 0.469532
0 -3.0674 -2.06111 0.469787
1 -3.10587 -2.07795 0.484927
0 -3.17344 -2.11533 0.470099
0 -3.23648 -2.15797 0.464421
0 -3.26457 -2.18008 0.468342
0 -3.31032 -2.22239 0.479666
0 -3.34844 -2.27298 0.49353
0 -3.36954 -2.30191 0.506198
0 -3.41828 -2.36824 0.524137
0 -3.44529 -2.40403 0.542506
1 -3.47287 -2.4404 0.563105
0 -3.55234 -2.55423 0.569159
0 -3.60303 -2.62953 0.572089
0 -3.62986 -2.66806 0.576561
0 -3.68907 -2.74408 0.589683
0 -3.75431 -2.81742 0.601496
0 -3.78921 -2.85384 0.609794
1 -3.8221 -2.89058 0.617314
0 -3.90988 -3.01093 0.598029
0 -3.96246 -3.09036 0.577897
0 -3.98638 -3.12982 0.566639
0 -4.0219 -3.20134 0.539752
0 -4.02126 -3.26071 0.522375
0 -4.00549 -3.28511 0.526494
0 -3.95664 -3.31956 0.552475
0 -3.92739 -3.33793 0.576558
0 -3.87137 -3.37067 0.608503
1 -3.84273 -3.39316 0.630346
0 -3.76842 -3.47295 0.652173
0 -3.74489 -3.51009 0.661175
0 -3.70461 -3.58527 0.679316
0 -3.68538 -3.62367 0.688089
1 -3.64934 -3.69109 0.702811
0 -3.60781 -3.73344 0.706648
0 -3.55708 -3.75664 0.708062
0 -3.5294 -3.76702 0.709496
0 -3.47098 -3.79565 0.707618
0 -3.43798 -3.81425 0.708197
1 -3.36436 -3.85709 0.71103
0 -3.27658 -3.89411 0.70641
1 -3.22978 -3.91291 0.701981
0 -3.13358 -3.94908 0.68415
1 -3.04066 -3.98575 0.658142
0 -2.9407 -4.0224 0.630161
0 -2.83217 -4.06199 0.610937
1 -2.77628 -4.0819 0.60549
1 -2.59249 -4.10633 0.580563
0 -2.47189 -4.1009 0.560874
0 -2.36119 -4.07264 0.535521
1 -2.31125 -4.05354 0.521928
0 -2.19862 -3.96742 0.487798
1 -2.1415 -3.9188 0.473449
0 -2.02668 -3.79888 0.442079
1 -1.97534 -3.739 0.427017
0 -1.87549 -3.6062 0.39178
0 -1.79043 -3.47445 0.357833
0 -1.75766 -3.41417 0.34508
1 -1.72811 -3.3537 0.33456
0 -1.60177 -3.15057 0.288902
0 -1.55777 -3.09315 0.282137
0 -1.5136 -3.03765 0.278711
0 -1.42827 -2.9312 0.275128
1 -1.39336 -2.88421 0.284228
0 -1.3195 -2.77999 0.265639
0 -1.2558 -2.69116 0.251711
0 -1.22769 -2.65681 0.253567
0 -1.17221 -2.59154 0.261187
1 -1.15025 -2.56282 0.28142
0 -1.08328 -2.47088 0.276045
0 -1.05267 -2.42218 0.273699
1 -1.0257 -2.37314 0.272786
0 -0.976664 -2.27824 0.260095
1 -0.955414 -2.23818 0.255427
0 -0.904666 -2.16344 0.204475
0 -0.888117 -2.1453 0.175896
2 -0.846545 -2.14092 0.0861639
0 -0.826349 -2.14899 0.044478
0 -0.787744 -2.1821 -0.0272557
0 -0.772856 -2.20042 -0.0556727
0 -0.749415 -2.25315 -0.107616
0 -0.745161 -2.27996 -0.12481
0 -0.751179 -2.33759 -0.167381
0 -0.757554 -2.36638 -0.167984
0 -0.768687 -2.43089 -0.182267
0 -0.77557 -2.46867 -0.167192
0 -0.781845 -2.5454 -0.170109
0 -0.779926 -2.58143 -0.145539
0 -0.76442 -2.62422 -0.139397
0 -0.75065 -2.63338 -0.114862
0 -0.730811 -2.63715 -0.0854157
0 -0.706704 -2.63562 -0.0551224
0 -0.678453 -2.63031 -0.026764
1 -0.650329 -2.61333 -0.00093453
0 -0.586037 -2.55542 -0.0149504
0 -0.552552 -2.51784 -0.0187349
1 -0.519678 -2.47565 -0.0206084
0 -0.462779 -2.37715 -0.0212289
0 -0.421086 -2.25718 -0.0185302
0 -0.403388 -2.19329 -0.0118589
1 -0.385794 -2.13119 -0.000172831
2 -0.348767 -2.0139 0.0165266
0 -0.277623 -1.86243 0.0259699
0 -0.250167 -1.82244 0.0272187
0 -0.225769 -1.78628 0.0274771
0 -0.18425 -1.72443 0.0280393
1 -0.166553 -1.70746 0.0327814
0 -0.139381 -1.65947 0.0676697
0 -0.128413 -1.63979 0.086616
0 -0.11016 -1.60518 0.0833078
0 -0.101719 -1.59382 0.0694041
0 -0.095086 -1.58206 0.0538428
0 -0.0902115 -1.57029 0.0377517
0 -0.0889514 -1.54079 -0.00345272
0 -0.0873427 -1.53118 -0.0191086
0 -0.0839283 -1.52374 -0.0316402
0 -0.0705672 -1.50876 -0.0604575
0 -0.0602905 -1.50189 -0.0592327
0 -0.0477445 -1.49365 -0.0451661
0 -0.018894 -1.4724 0.00653518
0 -0.00237407 -1.46483 0.0504316
1 0.0203957 -1.45797 0.0820944
0 0.0567028 -1.43559 0.120102
1 0.094019 -1.4143 0.154892
0 0.132268 -1.39594 0.181627
0 0.153243 -1.39025 0.192492
0 0.195726 -1.37789 0.213545
0 0.217957 -1.37348 0.224986
0 0.251862 -1.35012 0.241321
0 0.26785 -1.33401 0.246323
1 0.285988 -1.31898 0.253903
0 0.320177 -1.21507 0.239733
1 0.33618 -1.17595 0.237013
0 0.380372 -1.09492 0.248037
1 0.435033 -1.02156 0.270442
0 0.49635 -0.946018 0.289767
0 0.523344 -0.91048 0.295059
0 0.587014 -0.839194 0.299562
0 0.622433 -0.808049 0.296284
0 0.619761 -0.708752 0.289686
0 0.607557 -0.587764 0.281065
2 0.608756 -0.522847 0.269616
0 0.596539 -0.376966 0.2432
2 0.585587 -0.302069 0.227945
0 0.561976 -0.16115 0.19381
0 0.540842 -0.0407532 0.149931
2 0.512068 0.0567308 0.109096
0 0.497717 0.101467 0.0888328
0 0.454534 0.182625 0.059867
0 0.422227 0.221228 0.0511665
0 0.348757 0.290407 0.0418893
0 0.276378 0.355617 0.0464065
0 0.242315 0.387919 0.0644349
0 0.17795 0.434906 0.0855582
0 0.151561 0.453349 0.116364
0 0.124175 0.477711 0.158136
0 0.117767 0.482792 0.204616
0 0.10896 0.489441 0.254424
0 0.103036 0.487925 0.28565
1 0.0997063 0.4867 0.315841
0 0.0990653 0.490553 0.317012
2 0.0945818 0.49621 0.314877
0 0.0889276 0.504492 0.310903
0 0.0815126 0.515513 0.305638
0 0.0735598 0.530442 0.298426
0 0.0665044 0.547051 0.289714
0 0.0608825 0.567476 0.280331
0 0.0579079 0.588543 0.271181
0 0.0570022 0.614057 0.258722
0 0.0599759 0.637422 0.245074
1 0.0655239 0.662651 0.229844
0 0.0779825 0.734531 0.193466
0 0.0839273 0.775909 0.176856
0 0.0915874 0.820759 0.164475
0 0.101827 0.871552 0.15436
0 0.10908 0.923296 0.151487
0 0.110269 0.963317 0.155979
0 0.119196 0.993485 0.158184
2 0.125069 1.015 0.15631
0 0.130363 1.03111 0.161583
0 0.130283 1.02766 0.168966
0 0.129929 1.01771 0.177969
0 0.126745 1.00034 0.187585
2 0.119279 0.979952 0.194523
0 0.1113 0.959284 0.201691
0 0.102314 0.939823 0.207977
0 0.0856997 0.914522 0.21465
0 0.0715389 0.894554 0.221143
0 0.0582062 0.875196 0.229116
0 0.0448235 0.855725 0.239553
0 0.0302111 0.833359 0.251635
0 0.013276 0.808261 0.266875
0 -0.00804796 0.778901 0.284426
0 -0.0307006 0.749194 0.301855
0 -0.0538889 0.720717 0.319845
0 -0.076892 0.694781 0.341031
1 -0.0985274 0.67034 0.364357
0 -0.122283 0.649656 0.376322
0 -0.144279 0.631886 0.38643
0 -0.166974 0.617867 0.395168
0 -0.190858 0.607062 0.402469
0 -0.21438 0.598838 0.412071
0 -0.23939 0.590977 0.420545
0 -0.267117 0.583899 0.430019
0 -0.298118 0.578933 0.433277
0 -0.330661 0.575421 0.431852
1 -0.367098 0.571991 0.432995
0 -0.408678 0.568667 0.428706
0 -0.455195 0.565167 0.425222
0 -0.506001 0.562492 0.421854
0 -0.558499 0.560225 0.419187
0 -0.61017 0.557884 0.416268
0 -0.659606 0.554136 0.414889
0 -0.707836 0.549476 0.415709
0 -0.754638 0.541873 0.421021
0 -0.799216 0.531625 0.431729
0 -0.841884 0.516165 0.447747
0 -0.882917 0.496336 0.468617
0 -0.925623 0.471554 0.492048
0 -0.968898 0.441543 0.518374
0 -1.05452 0.368194 0.55252
0 -1.09452 0.321682 0.591996
0 -1.1339 0.270797 0.632187
0 -1.17354 0.216227 0.672229
0 -1.21199 0.159129 0.71165
0 -1.25003 0.101807 0.748058
1 -1.33223 -0.0101538 0.777174
0 -1.37854 -0.0665063 0.768726
0 -1.42929 -0.123353 0.759973
0 -1.4851 -0.179129 0.750749
0 -1.6043 -0.284395 0.73043
0 -1.66455 -0.333714 0.722592
0 -1.72378 -0.379768 0.71616
0 -1.78162 -0.425537 0.712889
0 -1.8901 -0.519631 0.707352
0 -1.94163 -0.567822 0.713796
0 -1.99081 -0.616655 0.722619
1 -2.03577 -0.664413 0.732108
0 -2.11792 -0.768328 0.723979
0 -2.15424 -0.822605 0.717868
0 -2.21167 -0.931401 0.704276
0 -2.23026 -0.985315 0.699433
0 -2.24475 -1.03696 0.695633
0 -2.25693 -1.08713 0.692827
0 -2.28212 -1.18631 0.687333
0 -2.29671 -1.23801 0.688043
0 -2.32634 -1.3394 0.686308
0 -2.33851 -1.3896 0.686655
0 -2.35075 -1.49506 0.677271
1 -2.34641 -1.55325 0.678563
0 -2.3104 -1.75508 0.647938
0 -2.29633 -1.82924 0.637622
0 -2.27686 -1.98484 0.614566
0 -2.26891 -2.06462 0.605589
1 -2.24799 -2.2191 0.58887
0 -2.23644 -2.29917 0.585021
0 -2.22281 -2.37998 0.585966
0 -2.211 -2.45929 0.591535
0 -2.20005 -2.53791 0.600209
0 -2.19057 -2.61486 0.608359
1 -2.18284 -2.69028 0.615086
0 -2.15827 -2.84106 0.61866
0 -2.14877 -2.91381 0.619095
0 -2.14072 -2.98589 0.61966
0 -2.13432 -3.05588 0.622147
0 -2.12878 -3.12331 0.625406
0 -2.12418 -3.18913 0.62834
0 -2.11837 -3.25129 0.631742
1 -2.09923 -3.36504 0.633157
0 -2.08413 -3.41582 0.629984
0 -2.06763 -3.46086 0.625814
1 -2.03352 -3.53713 0.615804
0 -2.01537 -3.57098 0.609968
0 -1.99919 -3.60263 0.605449
0 -1.97891 -3.63386 0.601146
0 -1.95597 -3.6635 0.59816
0 -1.89726 -3.71914 0.593366
0 -1.85864 -3.74688 0.594288
1 -1.81603 -3.76884 0.596335
0 -1.76839 -3.78632 0.589805
0 -1.6716 -3.80668 0.573162
0 -1.61973 -3.81242 0.565177
0 -1.56709 -3.81607 0.558333
0 -1.51307 -3.81794 0.552133
1 -1.45614 -3.81682 0.548088
0 -1.34474 -3.81073 0.524934
0 -1.28968 -3.80595 0.514152
0 -1.23894 -3.80109 0.50183
0 -1.19888 -3.79864 0.486431
0 -1.15937 -3.79569 0.470939
0 -1.088 -3.78231 0.43674
2 -1.06833 -3.77846 0.417136
0 -1.00374 -3.73748 0.387291
0 -0.964647 -3.68468 0.36428
0 -0.956578 -3.65881 0.351752
0 -0.928642 -3.58946 0.334251
0 -0.904823 -3.54167 0.331866
0 -0.895871 -3.45108 0.317636
0 -0.901764 -3.40885 0.312121
0 -0.913138 -3.30596 0.299297
1 -0.926297 -3.19046 0.284844
0 -0.938373 -3.12984 0.274007
0 -0.96691 -3.01736 0.252764
0 -0.979662 -2.9664 0.247258
0 -1.00466 -2.87397 0.242595
0 -1.0121 -2.8324 0.245794
0 -1.00882 -2.75554 0.258458
0 -0.997259 -2.72179 0.273537
0 -0.976965 -2.65009 0.29801
1 -0.965706 -2.6126 0.312915
0 -0.931676 -2.52625 0.329094
0 -0.881119 -2.42733 0.348884
0 -0.850875 -2.37325 0.35795
1 -0.818237 -2.31322 0.363914
0 -0.720661 -2.11123 0.384716
1 -0.692042 -2.06964 0.39235
0 -0.63642 -1.93869 0.40394
0 -0.611387 -1.86982 0.409608
0 -0.587866 -1.80034 0.415193
0 -0.567314 -1.73035 0.417043
0 -0.547457 -1.65967 0.418862
0 -0.529997 -1.58662 0.417758
1 -0.514706 -1.51299 0.414623
0 -0.498559 -1.44083 0.413555
0 -0.484162 -1.37065 0.411746
0 -0.472866 -1.30298 0.409312
0 -0.465094 -1.237 0.404546
0 -0.46008 -1.17159 0.398467
0 -0.456742 -1.10594 0.392775
0 -0.453911 -1.03878 0.385612
0 -0.448143 -0.970351 0.38032
0 -0.438059 -0.901581 0.379926
0 -0.42383 -0.832901 0.384472
1 -0.405078 -0.763329 0.393832
0 -0.381654 -0.69697 0.387081
0 -0.354088 -0.630813 0.380445
0 -0.323525 -0.565968 0.374064
0 -0.289659 -0.503088 0.367602
0 -0.253265 -0.441899 0.361953
0 -0.213562 -0.383248 0.357684
0 -0.170582 -0.327376 0.35511
0 -0.124727 -0.274413 0.353166
0 -0.0751798 -0.225808 0.353077
0 -0.0227827 -0.183247 0.354489
0 0.0311528 -0.146723 0.357957
1 0.0861169 -0.116633 0.36417
0 0.192948 -0.0641844 0.340645
0 0.242922 -0.0440592 0.329188
0 0.289766 -0.0265737 0.319045
0 0.334678 -0.0122058 0.310593
0 0.375787 0.00020894 0.304515
0 0.413771 0.00941697 0.301002
0 0.445767 0.0157946 0.302345
0 0.474143 0.0194701 0.304905
1 0.497985 0.0203572 0.310282
0 0.546119 0.0202898 0.300197
0 0.562258 0.0141227 0.298758
0 0.574506 0.00362439 0.299047
0 0.583223 -0.0117855 0.301364
0 0.587563 -0.0310775 0.305836
0 0.590195 -0.053131 0.312169
0 0.594214 -0.0794716 0.320644
0 0.598161 -0.107785 0.328754
0 0.605701 -0.13885 0.340819
0 0.616814 -0.173622 0.354528
0 0.621201 -0.207114 0.370146
1 0.608345 -0.273316 0.401409
0 0.57459 -0.330593 0.421475
0 0.555952 -0.355605 0.428204
0 0.513376 -0.394764 0.437758
0 0.492243 -0.412611 0.440582
0 0.443288 -0.43254 0.438304
0 0.411881 -0.437685 0.433171
0 0.3263 -0.437957 0.419943
0 0.269775 -0.440532 0.413293
0 0.142005 -0.443945 0.395813
0 0.0730501 -0.447747 0.386991
0 0.00282776 -0.451626 0.380185
0 -0.0678977 -0.45615 0.381503
0 -0.139214 -0.463839 0.395233
0 -0.210432 -0.475775 0.420063
0 -0.284018 -0.490818 0.443553
0 -0.357922 -0.510098 0.454078
1 -0.433068 -0.532012 0.452353
0 -0.582106 -0.588181 0.410785
0 -0.657418 -0.619769 0.386052
0 -0.732589 -0.65169 0.360348
0 -0.807092 -0.683623 0.33593
0 -0.880982 -0.715194 0.313065
0 -0.953901 -0.746584 0.292222
0 -1.02605 -0.777672 0.277851
0 -1.09765 -0.809169 0.273662
0 -1.16867 -0.84056 0.281685
0 -1.23872 -0.871529 0.293194
1 -1.30404 -0.900591 0.302017
0 -1.36682 -0.931748 0.313167
0 -1.42678 -0.962256 0.3224
0 -1.48364 -0.992122 0.330042
0 -1.53821 -1.0217 0.33549
0 -1.59182 -1.05091 0.338655
0 -1.64539 -1.08014 0.339052
0 -1.69919 -1.11037 0.336322
0 -1.75009 -1.14333 0.331655
0 -1.79761 -1.18012 0.324425
0 -1.84029 -1.22161 0.315513
1 -1.87649 -1.2648 0.304683
0 -1.93019 -1.36127 0.297134
0 -1.94703 -1.40974 0.292779
0 -1.95914 -1.45845 0.287742
0 -1.96743 -1.50991 0.282025
0 -1.97298 -1.56464 0.275035
1 -1.97537 -1.62405 0.266433
0 -1.96524 -1.75055 0.263005
0 -1.96035 -1.82165 0.260844
0 -1.95586 -1.89716 0.258214
0 -1.95203 -1.97742 0.256056
0 -1.95028 -2.06256 0.261471
1 -1.95061 -2.15294 0.277996
0 -1.9348 -2.33826 0.337946
0 -1.92533 -2.43327 0.365874
0 -1.91439 -2.53054 0.393339
1 -1.9012 -2.62857 0.419423
0 -1.87935 -2.72736 0.449182
0 -1.85893 -2.82417 0.475644
1 -1.85901 -2.83577 0.568657
0 -1.8435 -2.92353 0.588399
0 -1.81898 -3.08438 0.619557
0 -1.80741 -3.15898 0.634475
1 -1.80425 -3.21695 0.633372
0 -1.7719 -3.34101 0.657062
0 -1.75591 -3.39339 0.667125
1 -1.74021 -3.437 0.674841
0 -1.71419 -3.49998 0.686788
0 -1.70324 -3.51931 0.690498
0 -1.69262 -3.53434 0.694255
1 -1.68263 -3.54596 0.697505
0 -1.66646 -3.56105 0.703997
1 -1.64902 -3.56973 0.710942
0 -1.64893 -3.56392 0.718989
1 -1.65721 -3.55563 0.720473
0 -1.68197 -3.53952 0.723628
0 -1.69469 -3.53204 0.725165
0 -1.70644 -3.52637 0.726559
0 -1.73353 -3.50769 0.727321
1 -1.7457 -3.50549 0.723691
0 -1.76551 -3.48379 0.719412
0 -1.78622 -3.45991 0.712767
0 -1.8271 -3.40919 0.693765
1 -1.84826 -3.38715 0.681756
0 -1.88365 -3.3195 0.663615
0 -1.89353 -3.29013 0.657111
0 -1.90036 -3.23536 0.645633
0 -1.90317 -3.21995 0.637928
0 -1.91625 -3.17866 0.618596
0 -1.93507 -3.14181 0.589185
1 -1.94276 -3.12781 0.566658
0 -1.96508 -3.05101 0.535432
0 -1.97411 -2.95426 0.50739
0 -1.9665 -2.90299 0.494669
0 -1.93119 -2.78616 0.48123
0 -1.90077 -2.7329 0.47745
0 -1.83514 -2.61587 0.477091
1 -1.79774 -2.56916 0.469411
0 -1.73809 -2.46239 0.461595
0 -1.68381 -2.37935 0.449257
0 -1.65909 -2.34813 0.444574
0 -1.62178 -2.30151 0.439728
0 -1.61215 -2.2931 0.433335
0 -1.61871 -2.28977 0.426498
0 -1.63056 -2.30265 0.416943
0 -1.67217 -2.33728 0.406712
0 -1.69824 -2.36349 0.391774
0 -1.76848 -2.41296 0.374701
0 -1.848 -2.44964 0.365066
0 -1.88869 -2.46055 0.351133
0 -1.98019 -2.46353 0.348778
0 -2.03079 -2.45716 0.335577
0 -2.14914 -2.42943 0.328013
0 -2.21396 -2.40823 0.311381
1 -2.28042 -2.38224 0.294955
0 -2.47774 -2.27682 0.29086
0 -2.58419 -2.18464 0.296199
0 -2.62768 -2.12827 0.302232
0 -2.69817 -1.99308 0.322621
0 -2.72363 -1.91961 0.33486
1 -2.74318 -1.84386 0.346394
0 -2.78131 -1.63238 0.383721
0 -2.78815 -1.5669 0.393258
0 -2.8033 -1.4497 0.403121
0 -2.81068 -1.40089 0.403928
1 -2.8205 -1.35328 0.404476
0 -2.89729 -1.19473 0.404205
0 -2.93198 -1.14416 0.402508
0 -2.99524 -1.04805 0.402222
1 -3.01529 -1.0048 0.406712
0 -3.04099 -0.858014 0.426605
0 -3.03595 -0.811898 0.43103
0 -3.01048 -0.720192 0.43661
0 -2.98556 -0.680586 0.44125
0 -2.91587 -0.595462 0.456984
1 -2.873 -0.559864 0.465256
0 -2.7878 -0.455369 0.474942
0 -2.70537 -0.334012 0.476519
0 -2.66607 -0.268114 0.473279
0 -2.58986 -0.135657 0.463293
1 -2.54497 -0.0930682 0.454146
0 -2.48373 0.0208903 0.440773
0 -2.42973 0.11117 0.424607
0 -2.40314 0.148399 0.415775
1 -2.35178 0.211271 0.398135
0 -2.29098 0.267377 0.378939
0 -2.25473 0.292081 0.36856
0 -2.17932 0.336286 0.339199
0 -2.14125 0.350667 0.320972
0 -2.06718 0.38438 0.281738
1 -2.03272 0.396685 0.261602
0 -1.96244 0.402989 0.222035
0 -1.93031 0.400459 0.204244
0 -1.87137 0.388417 0.173708
0 -1.84643 0.380568 0.159761
1 -1.79796 0.339506 0.14078
0 -1.72866 0.267971 0.13552
0 -1.69766 0.223254 0.138045
1 -1.62876 0.127324 0.14348
0 -1.58189 0.0800342 0.153258
1 -1.49178 -0.0133034 0.204698
0 -1.3885 -0.111194 0.252595
0 -1.33678 -0.156444 0.257686
0 -1.23523 -0.233797 0.243228
1 -1.18601 -0.263787 0.235869
0 -1.10266 -0.315635 0.23081
1 -1.06753 -0.332529 0.233903
0 -0.995963 -0.373258 0.262317
0 -0.981524 -0.379687 0.279212
0 -0.962256 -0.387969 0.314328
0 -0.953223 -0.384201 0.335709
0 -0.929192 -0.392036 0.379884
0 -0.911195 -0.397155 0.405927
0 -0.869207 -0.423815 0.425621
0 -0.82383 -0.450548 0.415926
0 -0.799925 -0.460547 0.411069
1 -0.783504 -0.474955 0.403996
0 -0.69422 -0.488705 0.389238
0 -0.669556 -0.485781 0.382138
0 -0.625642 -0.477353 0.374419
0 -0.609649 -0.47279 0.371263
0 -0.590525 -0.462806 0.363103
0 -0.588051 -0.456894 0.358275
0 -0.589799 -0.442896 0.346781
0 -0.599853 -0.426285 0.333763
0 -0.608237 -0.417509 0.323134
0 -0.625074 -0.399809 0.307079
0 -0.634577 -0.391344 0.294883
0 -0.649486 -0.377449 0.280518
0 -0.659246 -0.367763 0.270565
0 -0.66207 -0.364164 0.260967
0 -0.663668 -0.360351 0.24273
0 -0.666037 -0.350666 0.18527
0 -0.672378 -0.34092 0.126731
0 -0.677383 -0.336955 0.105749
0 -0.694202 -0.332161 0.0711955
0 -0.711615 -0.324137 0.0316663
0 -0.719419 -0.316556 0.0274148
0 -0.726877 -0.300633 0.0364521
0 -0.721871 -0.297103 0.039509
0 -0.703706 -0.290199 0.0312743
0 -0.690608 -0.285227 0.0200257
1 -0.672382 -0.279228 0.00407285
0 -0.637474 -0.274852 -0.0561329
0 -0.634347 -0.279747 -0.0754261
0 -0.638917 -0.296923 -0.102242
2 -0.64184 -0.303475 -0.108608
0 -0.644432 -0.309507 -0.132377
0 -0.644167 -0.307942 -0.126446
0 -0.6426 -0.303685 -0.127106
0 -0.645974 -0.302235 -0.124382
0 -0.651241 -0.298245 -0.122771
2 -0.652072 -0.280149 -0.118375
0 -0.654948 -0.277913 -0.114444
0 -0.65551 -0.277382 -0.112301
0 -0.65538 -0.277713 -0.107404
0 -0.653096 -0.281755 -0.10517
0 -0.651017 -0.285239 -0.0996839
0 -0.648458 -0.290126 -0.0982155
0 -0.646868 -0.293539 -0.0934954
0 -0.645282 -0.296634 -0.0895812
0 -0.643614 -0.29967 -0.0912025
0 -0.64324 -0.300957 -0.088991
0 -0.642113 -0.302893 -0.0933122
0 -0.64236 -0.303521 -0.0936096
0 -0.641729 -0.304814 -0.100574
0 -0.64212 -0.304976 -0.103061
